1	1	-0.803739	-0.853053
2	1	0.852851	0.367618
3	1	0.927180	-0.274902
4	1	-0.752626	-0.511565
5	1	0.706846	0.810679
6	1	1.034699	0.394655
7	1	-0.475845	0.989761
8	1	-0.460302	-0.858998
9	1	-0.680302	-0.661495
10	1	-1.031969	-0.021994
11	1	-0.242498	-1.050333
12	1	-0.892258	-0.339169
13	1	-0.802034	-0.774168
14	1	-0.047196	-1.016138
15	1	1.194704	-0.269002
16	1	-0.221487	-0.919132
17	1	-0.410475	0.964479
18	1	-0.838935	-0.407979
19	1	-0.889148	0.614016
20	1	0.905564	0.184568
21	1	-0.005795	-0.884431
22	1	-0.703810	0.547492
23	1	-1.070816	-0.158983
24	1	1.007238	0.385175
25	1	-0.584862	0.700118
26	1	-0.881140	-0.011889
27	1	0.326995	0.998909
28	1	-1.047621	0.118544
29	1	-0.119960	-1.035411
30	1	-0.785533	0.713418
31	1	0.646269	-0.643552
32	1	-0.224939	-0.883276
33	1	-0.719298	-1.013338
34	1	-0.495498	-0.919302
35	1	-0.865554	-0.255683
36	1	-0.480276	0.734426
37	1	-0.574924	0.640988
38	1	-0.859580	0.494432
39	1	-0.282655	-0.863595
40	1	-1.006500	-0.021417
41	1	0.785112	0.312775
42	1	-0.978887	-0.092692
43	1	-1.022999	0.324123
44	1	-0.244125	-0.976347
45	1	-0.638082	-0.762434
46	1	-0.704896	0.689573
47	1	-0.968406	0.298019
48	1	-1.086023	-0.289436
49	1	-0.759840	0.591453
50	1	-0.417135	0.931122
51	1	-0.994616	0.365414
52	1	-0.335461	0.910486
53	1	-0.781788	0.788850
54	1	-0.788195	-0.382898
55	1	-0.296723	1.062719
56	1	0.603423	-0.833291
57	1	0.761733	-0.646471
58	1	-0.574895	-0.783450
59	1	0.892144	-0.216738
60	1	-0.500669	0.863406
61	1	0.935076	0.098250
62	1	1.004459	-0.157533
63	1	-0.199670	1.059297
64	1	-0.788029	0.549092
65	1	-0.015335	-0.908054
66	1	0.924897	-0.488599
67	1	-0.481628	-0.918748
68	1	0.727051	-0.715847
69	1	0.636964	-0.682374
70	1	0.900493	-0.616703
71	1	0.000894	0.836136
72	1	-0.542522	0.875891
73	1	-0.822180	0.642827
74	1	0.779053	-0.649765
75	1	0.847976	0.066500
76	1	-0.198008	0.967988
77	1	-0.915474	-0.109848
78	1	-0.443852	0.739741
79	1	0.327675	1.127321
80	1	-0.316081	-1.126437
81	1	-0.280592	-1.080551
82	1	-0.239045	0.900087
83	1	-0.667160	-0.927902
84	1	-0.288131	1.072397
85	1	1.143517	0.368195
86	1	0.306102	1.114122
87	1	0.014525	-1.041191
88	1	-0.349802	-0.893319
89	1	-0.169793	1.073745
90	1	-0.519039	0.920113
91	1	-0.148674	1.054016
92	1	0.282329	-0.968597
93	1	0.678938	0.679055
94	1	0.561421	-0.837836
95	1	-0.444903	-0.931384
96	1	1.077308	-0.185903
97	1	-0.443027	1.048523
98	1	0.859553	0.429331
99	1	0.948430	0.624660
100	1	0.851000	0.683224
101	1	0.100557	1.026791
102	1	-0.404063	-0.895677
103	1	-0.056156	1.193026
104	1	-0.918303	-0.167889
105	1	-0.464684	0.858480
106	1	0.655787	-0.814390
107	1	-0.459384	-0.795523
108	1	0.325765	0.727157
109	1	0.699059	0.697087
110	1	-0.983394	-0.316293
111	1	-0.162388	-1.007096
112	1	-0.722755	-0.785775
113	1	-0.932656	-0.210557
114	1	0.593787	0.808613
115	1	-0.013154	-0.997820
116	1	0.657561	-0.772888
117	1	-0.230537	-1.194887
118	1	0.147787	0.905077
119	1	0.809365	0.547769
120	1	-0.009408	0.992683
121	1	-0.183159	0.930724
122	1	-1.024799	-0.147806
123	1	0.883979	0.442539
124	1	1.022250	0.071678
125	1	0.870243	-0.265092
126	1	0.150714	-0.899821
127	1	-0.858463	-0.401678
128	1	-0.920256	0.113438
129	1	-1.131800	-0.045532
130	1	0.671076	0.788356
131	1	0.962011	0.253676
132	1	0.429357	0.977455
133	1	-1.026794	-0.099097
134	1	0.275203	0.862920
135	1	-0.889400	0.258913
136	1	-0.246533	-0.825940
137	1	-0.875089	-0.683546
138	1	-0.762017	0.269472
139	1	1.062889	-0.422579
140	1	-1.013674	0.607914
141	1	-0.394242	0.806267
142	1	0.557794	0.689417
143	1	0.709019	-0.783425
144	1	-1.102225	-0.195675
145	1	0.633310	-0.898369
146	1	0.299028	-0.901648
147	1	0.700983	-0.658757
148	1	0.703445	0.444485
149	1	0.368201	0.805240
150	1	0.468127	0.911412
151	1	-0.336591	-0.945557
152	1	0.107171	-0.989141
153	1	0.735782	-0.407962
154	1	-0.706784	-0.584913
155	1	0.584758	0.953485
156	1	0.976854	0.445102
157	1	-0.376127	-0.912243
158	1	-0.366290	-0.992519
159	1	-0.639403	1.008000
160	1	-0.544427	0.838560
161	1	-0.605162	-0.687108
162	1	-0.432197	-0.933534
163	1	-0.734428	-0.545456
164	1	-0.859608	0.580895
165	1	0.585067	0.779951
166	1	0.399987	0.898426
167	1	0.618362	-0.293940
168	1	-0.187923	0.924910
169	1	-0.255650	0.936663
170	1	0.753728	-0.461438
171	1	0.925919	-0.190206
172	1	0.029970	-0.886251
173	1	-0.511473	0.696033
174	1	-0.924489	-0.322967
175	1	0.738405	-0.707329
176	1	-0.541463	-0.716210
177	1	-0.973749	0.571250
178	1	0.732234	-0.607761
179	1	0.358759	-0.809916
180	1	-0.100172	-1.091937
181	1	-0.749711	-0.491217
182	1	-0.115093	1.049545
183	1	1.014422	0.483979
184	1	0.982818	-0.404789
185	1	0.889892	0.592228
186	1	1.015822	-0.257344
187	1	0.521892	-0.902467
188	1	-0.387759	1.090012
189	1	1.045686	-0.411839
190	1	-0.494096	-0.890370
191	1	-0.934221	0.347805
192	1	-1.055611	0.150803
193	1	-0.721659	0.585468
194	1	0.604858	0.873589
195	1	0.818548	0.144189
196	1	0.682944	-0.711959
197	1	0.954947	-0.509480
198	1	-0.712927	0.514465
199	1	0.264189	-1.119456
200	1	-0.953451	-0.431952
201	1	0.719425	0.342024
202	1	0.781225	0.504256
203	1	-0.044867	-0.797766
204	1	0.729611	0.728054
205	1	1.069564	0.173995
206	1	0.782162	-0.066955
207	1	0.951082	0.526949
208	1	0.578524	0.799631
209	1	-0.038925	-0.979951
210	1	-0.695851	0.740108
211	1	0.679724	-0.753955
212	1	-0.792915	0.112464
213	1	0.831811	0.311254
214	1	-1.040353	0.143896
215	1	-0.258740	-0.978909
216	1	0.646792	-0.745640
217	1	-0.142580	1.084419
218	1	-1.195899	0.259384
219	1	-0.370361	-0.785791
220	1	0.574262	-0.676211
221	1	0.649384	0.603707
222	1	0.801918	0.445562
223	1	0.918428	-0.310318
224	1	0.925833	0.021607
225	1	0.393500	0.763553
226	1	-0.395457	0.745449
227	1	1.090119	-0.295959
228	1	0.943824	-0.420454
229	1	-0.589474	0.753437
230	1	0.253710	-0.888717
231	1	-0.112106	1.034278
232	1	-0.398278	1.064499
233	1	-0.608625	-0.812765
234	1	0.188079	0.988584
235	1	0.122182	-1.132232
236	1	-0.682957	-0.856316
237	1	-0.871042	0.107604
238	1	-0.986758	0.262334
239	1	0.598386	-0.832176
240	1	0.492569	0.936908
241	1	0.216319	0.971096
242	1	0.401345	-0.725684
243	1	-1.050215	0.104896
244	1	0.863636	-0.624884
245	1	1.190573	-0.120369
246	1	0.372316	-1.064550
247	1	1.080193	0.044671
248	1	0.967801	0.263155
249	1	0.179959	-0.996118
250	1	0.915290	0.191893
251	1	0.537063	-0.743539
252	1	0.903679	-0.561382
253	1	0.917141	-0.442510
254	1	0.809630	0.588982
255	1	-0.800228	-0.378003
256	1	-0.850377	0.473176
257	1	0.807795	0.553214
258	1	-1.016749	-0.253195
259	1	0.937522	-0.474725
260	1	0.539614	0.890388
261	1	0.749676	-0.835953
262	1	-0.568716	0.855219
263	1	0.231427	-0.747462
264	1	-0.927498	-0.601466
265	1	0.281684	-1.049025
266	1	-0.809636	-0.716049
267	1	-0.246697	-1.008371
268	1	-0.678634	-0.753587
269	1	0.219365	1.014121
270	1	0.506942	-0.853311
271	1	-0.423679	0.848937
272	1	0.915144	0.148185
273	1	0.433598	-0.737154
274	1	0.756402	-0.625579
275	1	1.095376	-0.291805
276	1	-0.934518	0.404303
277	1	0.926943	-0.388022
278	1	0.673061	0.588378
279	1	-0.076761	-0.922424
280	1	0.044134	-0.858888
281	1	-0.990157	0.003845
282	1	0.322583	-1.070424
283	1	-0.568774	0.740375
284	1	0.674576	-0.644942
285	1	-0.533057	-0.945086
286	1	0.513921	-0.918112
287	1	-0.738245	0.567240
288	1	-0.171122	-0.998437
289	1	-1.104840	0.183654
290	1	0.122506	-0.973069
291	1	1.030240	0.080427
292	1	0.416451	0.960155
293	1	-0.958694	0.223958
294	1	-0.338922	0.912214
295	1	0.988650	0.056747
296	1	1.148101	-0.357310
297	1	-0.345146	1.025945
298	1	-0.793865	-0.580612
299	1	0.388373	1.094986
300	1	0.322119	1.057363
301	1	-0.775506	0.796576
302	1	-0.612420	0.694788
303	1	-0.643335	-0.829474
304	1	0.564524	-0.828878
305	1	-0.044241	-1.028869
306	1	-0.684082	-0.682211
307	1	-0.772663	0.591019
308	1	0.808936	-0.626610
309	1	-0.421530	0.783201
310	1	0.529090	-0.891934
311	1	0.614094	0.728875
312	1	0.197286	0.895779
313	1	-0.687220	-0.608433
314	1	-0.288308	1.038443
315	1	-0.789786	-0.580753
316	1	0.757779	-0.842400
317	1	0.034554	-0.705047
318	1	1.032610	0.077315
319	1	-0.898876	0.062298
320	1	-0.260047	0.741245
321	1	-0.221503	-1.019703
322	1	0.000228	-0.922521
323	1	-0.440314	0.906370
324	1	-1.089318	0.272520
325	1	0.143678	1.029888
326	1	-0.728457	-0.698281
327	1	0.939065	0.157418
328	1	-1.143832	-0.332989
329	1	1.085534	0.209133
330	1	-0.830920	-0.859404
331	1	0.277577	0.942972
332	1	0.687954	0.843943
333	1	-0.209648	0.911495
334	1	0.853408	-0.407064
335	1	-0.211136	-0.876519
336	1	-0.841487	-0.381416
337	1	-0.233492	0.975240
338	1	0.817752	-0.180795
339	1	-0.895588	0.441780
340	1	-0.773780	0.369665
341	1	-0.220031	0.935135
342	1	0.877979	-0.656026
343	1	0.371135	1.017388
344	1	0.786717	-0.517424
345	1	0.035369	-1.057879
346	1	1.103026	0.041833
347	1	-0.254478	0.817799
348	1	-0.842662	-0.053324
349	1	-1.070733	0.165433
350	1	-0.437056	0.726726
351	1	-1.036707	-0.243436
352	1	0.885086	0.258104
353	1	-0.505149	0.879571
354	1	-0.925514	0.299900
355	1	-0.824475	-0.332470
356	1	0.990277	0.766066
357	1	0.969772	-0.754871
358	1	-0.585403	-0.741663
359	1	-0.661999	-0.614147
360	1	1.011986	-0.476672
361	1	0.966549	0.475916
362	1	0.838585	-0.186747
363	1	0.087813	-1.087950
364	1	-0.127461	0.931958
365	1	-1.040049	-0.421468
366	1	0.600165	0.639288
367	1	-1.027312	0.010813
368	1	0.751167	-0.806562
369	1	0.020445	1.148917
370	1	0.923293	0.410913
371	1	-0.226555	0.986772
372	1	-0.844961	-0.517983
373	1	0.880635	-0.713073
374	1	-0.144882	0.921919
375	1	-0.901185	0.334709
376	1	0.678987	-0.639580
377	1	-0.100716	-0.935707
378	1	-0.883369	-0.389229
379	1	0.821963	-0.457753
380	1	-1.053030	-0.248142
381	1	-0.823278	0.699294
382	1	-1.129491	-0.207680
383	1	-0.341668	-1.027155
384	1	1.068668	0.228433
385	1	0.746527	-0.154391
386	1	1.061990	-0.131628
387	1	0.819371	0.640141
388	1	0.031085	-1.127696
389	1	-0.861660	-0.424929
390	1	0.866194	-0.802868
391	1	0.944727	0.365376
392	1	-1.089024	-0.005020
393	1	-0.684220	-0.764101
394	1	0.785643	0.443028
395	1	1.187414	0.095094
396	1	0.974780	0.079952
397	1	0.292104	1.074668
398	1	0.488792	-0.664980
399	1	-0.031225	-0.942137
400	1	-0.637074	-0.905257
401	2	-0.321496	-0.341221
402	2	0.341140	0.147047
403	2	0.370872	-0.109961
404	2	-0.301050	-0.204626
405	2	0.282738	0.324272
406	2	0.413879	0.157862
407	2	-0.190338	0.395904
408	2	-0.184121	-0.343599
409	2	-0.272121	-0.264598
410	2	-0.412788	-0.008797
411	2	-0.096999	-0.420133
412	2	-0.356903	-0.135668
413	2	-0.320814	-0.309667
414	2	-0.018878	-0.406455
415	2	0.477882	-0.107601
416	2	-0.088595	-0.367653
417	2	-0.164190	0.385792
418	2	-0.335574	-0.163192
419	2	-0.355659	0.245606
420	2	0.362226	0.073827
421	2	-0.002318	-0.353772
422	2	-0.281524	0.218997
423	2	-0.428326	-0.063593
424	2	0.402895	0.154070
425	2	-0.233945	0.280047
426	2	-0.352456	-0.004756
427	2	0.130798	0.399563
428	2	-0.419048	0.047417
429	2	-0.047984	-0.414164
430	2	-0.314213	0.285367
431	2	0.258508	-0.257421
432	2	-0.089976	-0.353310
433	2	-0.287719	-0.405335
434	2	-0.198199	-0.367721
435	2	-0.346222	-0.102273
436	2	-0.192110	0.293770
437	2	-0.229970	0.256395
438	2	-0.343832	0.197773
439	2	-0.113062	-0.345438
440	2	-0.402600	-0.008567
441	2	0.314045	0.125110
442	2	-0.391555	-0.037077
443	2	-0.409200	0.129649
444	2	-0.097650	-0.390539
445	2	-0.255233	-0.304974
446	2	-0.281958	0.275829
447	2	-0.387362	0.119208
448	2	-0.434409	-0.115774
449	2	-0.303936	0.236581
450	2	-0.166854	0.372449
451	2	-0.397846	0.146166
452	2	-0.134184	0.364194
453	2	-0.312715	0.315540
454	2	-0.315278	-0.153159
455	2	-0.118689	0.425088
456	2	0.241369	-0.333317
457	2	0.304693	-0.258588
458	2	-0.229958	-0.313380
459	2	0.356858	-0.086695
460	2	-0.200268	0.345363
461	2	0.374030	0.039300
462	2	0.401784	-0.063013
463	2	-0.079868	0.423719
464	2	-0.315212	0.219637
465	2	-0.006134	-0.363222
466	2	0.369959	-0.195440
467	2	-0.192651	-0.367499
468	2	0.290820	-0.286339
469	2	0.254786	-0.272950
470	2	0.360197	-0.246681
471	2	0.000358	0.334454
472	2	-0.217009	0.350356
473	2	-0.328872	0.257131
474	2	0.311621	-0.259906
475	2	0.339191	0.026600
476	2	-0.079203	0.387195
477	2	-0.366189	-0.043939
478	2	-0.177541	0.295896
479	2	0.131070	0.450929
480	2	-0.126432	-0.450575
481	2	-0.112237	-0.432221
482	2	-0.095618	0.360035
483	2	-0.266864	-0.371161
484	2	-0.115252	0.428959
485	2	0.457407	0.147278
486	2	0.122441	0.445649
487	2	0.005810	-0.416477
488	2	-0.139921	-0.357327
489	2	-0.067917	0.429498
490	2	-0.207616	0.368045
491	2	-0.059470	0.421606
492	2	0.112931	-0.387439
493	2	0.271575	0.271622
494	2	0.224568	-0.335134
495	2	-0.177961	-0.372553
496	2	0.430923	-0.074361
497	2	-0.177211	0.419409
498	2	0.343821	0.171732
499	2	0.379372	0.249864
500	2	0.340400	0.273290
501	2	0.040223	0.410716
502	2	-0.161625	-0.358271
503	2	-0.022462	0.477211
504	2	-0.367321	-0.067156
505	2	-0.185874	0.343392
506	2	0.262315	-0.325756
507	2	-0.183754	-0.318209
508	2	0.130306	0.290863
509	2	0.279624	0.278835
510	2	-0.393357	-0.126517
511	2	-0.064955	-0.402838
512	2	-0.289102	-0.314310
513	2	-0.373062	-0.084223
514	2	0.237515	0.323445
515	2	-0.005261	-0.399128
516	2	0.263025	-0.309155
517	2	-0.092215	-0.477955
518	2	0.059115	0.362031
519	2	0.323746	0.219108
520	2	-0.003763	0.397073
521	2	-0.073263	0.372289
522	2	-0.409920	-0.059122
523	2	0.353592	0.177016
524	2	0.408900	0.028671
525	2	0.348097	-0.106037
526	2	0.060285	-0.359928
527	2	-0.343385	-0.160671
528	2	-0.368102	0.045375
529	2	-0.452720	-0.018213
530	2	0.268430	0.315342
531	2	0.384804	0.101471
532	2	0.171743	0.390982
533	2	-0.410718	-0.039639
534	2	0.110081	0.345168
535	2	-0.355760	0.103565
536	2	-0.098613	-0.330376
537	2	-0.350036	-0.273418
538	2	-0.304807	0.107789
539	2	0.425156	-0.169032
540	2	-0.405470	0.243166
541	2	-0.157697	0.322507
542	2	0.223117	0.275767
543	2	0.283608	-0.313370
544	2	-0.440890	-0.078270
545	2	0.253324	-0.359347
546	2	0.119611	-0.360659
547	2	0.280393	-0.263503
548	2	0.281378	0.177794
549	2	0.147280	0.322096
550	2	0.187251	0.364565
551	2	-0.134636	-0.378223
552	2	0.042868	-0.395656
553	2	0.294313	-0.163185
554	2	-0.282714	-0.233965
555	2	0.233903	0.381394
556	2	0.390741	0.178041
557	2	-0.150451	-0.364897
558	2	-0.146516	-0.397008
559	2	-0.255761	0.403200
560	2	-0.217771	0.335424
561	2	-0.242065	-0.274843
562	2	-0.172879	-0.373414
563	2	-0.293771	-0.218182
564	2	-0.343843	0.232358
565	2	0.234027	0.311981
566	2	0.159995	0.359370
567	2	0.247345	-0.117576
568	2	-0.075169	0.369964
569	2	-0.102260	0.374665
570	2	0.301491	-0.184575
571	2	0.370368	-0.076082
572	2	0.011988	-0.354500
573	2	-0.204589	0.278413
574	2	-0.369796	-0.129187
575	2	0.295362	-0.282932
576	2	-0.216585	-0.286484
577	2	-0.389500	0.228500
578	2	0.292894	-0.243104
579	2	0.143504	-0.323967
580	2	-0.040069	-0.436775
581	2	-0.299884	-0.196487
582	2	-0.046037	0.419818
583	2	0.405769	0.193592
584	2	0.393127	-0.161915
585	2	0.355957	0.236891
586	2	0.406329	-0.102938
587	2	0.208757	-0.360987
588	2	-0.155104	0.436005
589	2	0.418275	-0.164736
590	2	-0.197638	-0.356148
591	2	-0.373688	0.139122
592	2	-0.422244	0.060321
593	2	-0.288663	0.234187
594	2	0.241943	0.349436
595	2	0.327419	0.057676
596	2	0.273177	-0.284783
597	2	0.381979	-0.203792
598	2	-0.285171	0.205786
599	2	0.105676	-0.447782
600	2	-0.381380	-0.172781
601	2	0.287770	0.136809
602	2	0.312490	0.201702
603	2	-0.017947	-0.319107
604	2	0.291844	0.291222
605	2	0.427826	0.069598
606	2	0.312865	-0.026782
607	2	0.380433	0.210780
608	2	0.231410	0.319852
609	2	-0.015570	-0.391980
610	2	-0.278340	0.296043
611	2	0.271889	-0.301582
612	2	-0.317166	0.044986
613	2	0.332725	0.124502
614	2	-0.416141	0.057558
615	2	-0.103496	-0.391563
616	2	0.258717	-0.298256
617	2	-0.057032	0.433768
618	2	-0.478360	0.103754
619	2	-0.148144	-0.314317
620	2	0.229705	-0.270484
621	2	0.259754	0.241483
622	2	0.320767	0.178225
623	2	0.367371	-0.124127
624	2	0.370333	0.008643
625	2	0.157400	0.305421
626	2	-0.158183	0.298180
627	2	0.436048	-0.118384
628	2	0.377530	-0.168182
629	2	-0.235790	0.301375
630	2	0.101484	-0.355487
631	2	-0.044843	0.413711
632	2	-0.159311	0.425800
633	2	-0.243450	-0.325106
634	2	0.075232	0.395433
635	2	0.048873	-0.452893
636	2	-0.273183	-0.342526
637	2	-0.348417	0.043041
638	2	-0.394703	0.104934
639	2	0.239354	-0.332870
640	2	0.197028	0.374763
641	2	0.086528	0.388438
642	2	0.160538	-0.290274
643	2	-0.420086	0.041958
644	2	0.345454	-0.249954
645	2	0.476229	-0.048147
646	2	0.148926	-0.425820
647	2	0.432077	0.017868
648	2	0.387120	0.105262
649	2	0.071983	-0.398447
650	2	0.366116	0.076757
651	2	0.214825	-0.297416
652	2	0.361472	-0.224553
653	2	0.366856	-0.177004
654	2	0.323852	0.235593
655	2	-0.320091	-0.151201
656	2	-0.340151	0.189270
657	2	0.323118	0.221286
658	2	-0.406699	-0.101278
659	2	0.375009	-0.189890
660	2	0.215846	0.356155
661	2	0.299870	-0.334381
662	2	-0.227486	0.342088
663	2	0.092571	-0.298985
664	2	-0.370999	-0.240586
665	2	0.112674	-0.419610
666	2	-0.323854	-0.286420
667	2	-0.098679	-0.403348
668	2	-0.271454	-0.301435
669	2	0.087746	0.405648
670	2	0.202777	-0.341324
671	2	-0.169472	0.339575
672	2	0.366058	0.059274
673	2	0.173439	-0.294862
674	2	0.302561	-0.250232
675	2	0.438151	-0.116722
676	2	-0.373807	0.161721
677	2	0.370777	-0.155209
678	2	0.269224	0.235351
679	2	-0.030704	-0.368970
680	2	0.017654	-0.343555
681	2	-0.396063	0.001538
682	2	0.129033	-0.428170
683	2	-0.227510	0.296150
684	2	0.269830	-0.257977
685	2	-0.213223	-0.378034
686	2	0.205569	-0.367245
687	2	-0.295298	0.226896
688	2	-0.068449	-0.399375
689	2	-0.441936	0.073462
690	2	0.049003	-0.389228
691	2	0.412096	0.032171
692	2	0.166580	0.384062
693	2	-0.383478	0.089583
694	2	-0.135569	0.364886
695	2	0.395460	0.022699
696	2	0.459241	-0.142924
697	2	-0.138058	0.410378
698	2	-0.317546	-0.232245
699	2	0.155349	0.437995
700	2	0.128847	0.422945
701	2	-0.310202	0.318630
702	2	-0.244968	0.277915
703	2	-0.257334	-0.331790
704	2	0.225810	-0.331551
705	2	-0.017696	-0.411547
706	2	-0.273633	-0.272884
707	2	-0.309065	0.236408
708	2	0.323575	-0.250644
709	2	-0.168612	0.313281
710	2	0.211636	-0.356774
711	2	0.245637	0.291550
712	2	0.078914	0.358311
713	2	-0.274888	-0.243373
714	2	-0.115323	0.415377
715	2	-0.315915	-0.232301
716	2	0.303112	-0.336960
717	2	0.013822	-0.282019
718	2	0.413044	0.030926
719	2	-0.359550	0.024919
720	2	-0.104019	0.296498
721	2	-0.088601	-0.407881
722	2	0.000091	-0.369008
723	2	-0.176126	0.362548
724	2	-0.435727	0.109008
725	2	0.057471	0.411955
726	2	-0.291383	-0.279312
727	2	0.375626	0.062967
728	2	-0.457533	-0.133196
729	2	0.434213	0.083653
730	2	-0.332368	-0.343761
731	2	0.111031	0.377189
732	2	0.275182	0.337577
733	2	-0.083859	0.364598
734	2	0.341363	-0.162826
735	2	-0.084455	-0.350608
736	2	-0.336595	-0.152566
737	2	-0.093397	0.390096
738	2	0.327101	-0.072318
739	2	-0.358235	0.176712
740	2	-0.309512	0.147866
741	2	-0.088012	0.374054
742	2	0.351192	-0.262411
743	2	0.148454	0.406955
744	2	0.314687	-0.206970
745	2	0.014147	-0.423151
746	2	0.441210	0.016733
747	2	-0.101791	0.327119
748	2	-0.337065	-0.021330
749	2	-0.428293	0.066173
750	2	-0.174822	0.290690
751	2	-0.414683	-0.097375
752	2	0.354035	0.103241
753	2	-0.202060	0.351829
754	2	-0.370205	0.119960
755	2	-0.329790	-0.132988
756	2	0.396111	0.306426
757	2	0.387909	-0.301948
758	2	-0.234161	-0.296665
759	2	-0.264800	-0.245659
760	2	0.404795	-0.190669
761	2	0.386619	0.190366
762	2	0.335434	-0.074699
763	2	0.035125	-0.435180
764	2	-0.050984	0.372783
765	2	-0.416020	-0.168587
766	2	0.240066	0.255715
767	2	-0.410925	0.004325
768	2	0.300467	-0.322625
769	2	0.008178	0.459567
770	2	0.369317	0.164365
771	2	-0.090622	0.394709
772	2	-0.337984	-0.207193
773	2	0.352254	-0.285229
774	2	-0.057953	0.368768
775	2	-0.360474	0.133883
776	2	0.271595	-0.255832
777	2	-0.040286	-0.374283
778	2	-0.353348	-0.155691
779	2	0.328785	-0.183101
780	2	-0.421212	-0.099257
781	2	-0.329311	0.279718
782	2	-0.451796	-0.083072
783	2	-0.136667	-0.410862
784	2	0.427467	0.091373
785	2	0.298611	-0.061756
786	2	0.424796	-0.052651
787	2	0.327748	0.256056
788	2	0.012434	-0.451079
789	2	-0.344664	-0.169972
790	2	0.346478	-0.321147
791	2	0.377891	0.146150
792	2	-0.435610	-0.002008
793	2	-0.273688	-0.305640
794	2	0.314257	0.177211
795	2	0.474966	0.038037
796	2	0.389912	0.031981
797	2	0.116841	0.429867
798	2	0.195517	-0.265992
799	2	-0.012490	-0.376855
800	2	-0.254829	-0.362103
801	3	-0.897669	-2.030533
802	3	-0.554751	-2.026287
803	3	-1.333691	-2.005147
804	3	-1.051352	-2.197266
805	3	-0.793371	-1.998877
806	3	-1.221448	-1.976466
807	3	-0.129213	-2.095037
808	3	-0.938805	-2.175715
809	3	-1.014533	-2.035996
810	3	-1.376913	-2.312159
811	3	-0.711011	-1.832745
812	3	-1.430974	-1.930945
813	3	-0.324789	-2.097667
814	3	-0.298446	-1.998487
815	3	-1.415736	-2.016545
816	3	-0.460210	-2.166021
817	3	-1.371836	-2.087843
818	3	-0.516427	-1.903418
819	3	-1.234757	-2.115582
820	3	-0.913898	-2.075140
821	3	-0.572651	-2.074508
822	3	-0.959845	-1.877295
823	3	-0.701898	-2.019086
824	3	-0.896386	-1.944569
825	3	-0.159368	-1.922857
826	3	-0.655191	-2.038007
827	3	-1.337223	-2.112855
828	3	-0.412127	-1.982990
829	3	-1.004542	-2.035854
830	3	-0.424426	-1.855706
831	3	-1.473308	-2.051995
832	3	-0.049432	-2.031064
833	3	-0.079125	-1.931726
834	3	-0.624298	-2.066358
835	3	-0.208664	-2.001795
836	3	-1.394666	-1.950341
837	3	-1.108761	-2.040427
838	3	-1.422344	-2.121165
839	3	-0.899694	-1.968726
840	3	-0.826084	-2.027986
841	3	-0.830440	-2.201986
842	3	-0.530681	-1.973042
843	3	-0.054448	-1.986820
844	3	-0.236893	-2.167877
845	3	-0.727029	-2.052588
846	3	-1.479064	-2.017512
847	3	-0.509706	-2.055663
848	3	-1.419708	-1.944815
849	3	-0.363146	-2.157605
850	3	-1.016105	-2.095429
851	3	-0.367744	-2.044986
852	3	-0.463380	-1.855609
853	3	-1.428968	-2.015525
854	3	-0.003635	-2.102172
855	3	-0.344453	-1.846153
856	3	-1.195287	-2.023118
857	3	-1.233434	-1.944808
858	3	-1.382997	-1.887821
859	3	-0.768960	-1.959045
860	3	-1.103732	-1.869974
861	3	-1.459589	-2.079092
862	3	-0.421161	-1.840138
863	3	-0.622733	-2.182290
864	3	-0.860900	-2.097536
865	3	-1.263841	-2.058646
866	3	-0.028267	-1.976689
867	3	-1.477999	-2.047345
868	3	-0.296524	-1.941689
869	3	-1.429188	-1.957997
870	3	-0.859818	-1.932114
871	3	-1.383452	-1.851754
872	3	-0.947676	-2.142528
873	3	-0.436466	-1.903003
874	3	-0.518912	-2.026547
875	3	-0.567174	-2.080311
876	3	-0.666340	-2.177703
877	3	-0.369973	-2.084904
878	3	-0.208198	-2.029948
879	3	-1.053909	-2.194024
880	3	-0.905066	-2.036003
881	3	-0.641813	-1.948989
882	3	-1.353115	-2.129797
883	3	-0.510477	-2.000485
884	3	-1.120924	-2.134485
885	3	-0.800839	-2.005168
886	3	-0.739556	-1.910515
887	3	-1.298684	-2.217988
888	3	-0.703325	-1.769358
889	3	-0.194131	-2.116775
890	3	-1.111333	-1.905957
891	3	-0.071484	-1.792090
892	3	-0.002052	-2.094382
893	3	-0.032607	-2.067545
894	3	-0.085753	-1.897835
895	3	-0.279074	-2.081750
896	3	-0.727902	-2.095712
897	3	-0.861375	-1.841888
898	3	-0.046044	-1.823356
899	3	-0.826209	-2.022704
900	3	-1.005051	-1.771889
901	4	-0.042707	-3.053222
902	4	-1.025717	-3.049850
903	4	-0.791032	-3.115014
904	4	-0.280870	-2.987376
905	4	-1.188206	-2.952714
906	4	-1.233241	-3.018653
907	4	-1.124411	-3.161929
908	4	-1.288896	-3.040276
909	4	-0.120680	-2.958719
910	4	-1.406266	-3.072072
911	4	-0.441889	-3.059007
912	4	-1.318027	-3.116963
913	4	-0.390521	-2.940854
914	4	-0.349160	-3.066864
915	4	-0.757611	-2.683206
916	4	-0.089723	-2.898696
917	4	-0.641169	-3.016599
918	4	-0.441702	-2.999758
919	4	-1.031111	-3.071730
920	4	-1.439146	-2.971866
921	4	-0.192207	-2.999272
922	4	-1.061438	-3.172970
923	4	-0.941711	-3.184347
924	4	-1.172480	-2.939880
925	4	-0.034790	-3.231794
926	4	-0.517129	-3.038031
927	4	-0.418017	-2.834484
928	4	-0.522076	-3.166286
929	4	-0.242242	-2.970527
930	4	-0.055336	-2.843010
931	4	-0.105034	-2.948805
932	4	-0.802233	-2.871410
933	4	-0.778087	-3.096751
934	4	-0.280300	-2.936761
935	4	-1.442146	-2.981692
936	4	-0.744640	-2.864988
937	4	-1.093422	-2.751267
938	4	-0.136811	-2.988534
939	4	-0.414757	-2.890426
940	4	-0.307082	-3.040271
941	4	-0.171620	-3.035907
942	4	-0.318832	-3.055279
943	4	-0.626271	-3.135467
944	4	-1.489180	-2.992666
945	4	-0.301043	-3.003899
946	4	-0.813860	-2.927813
947	4	-0.259245	-3.021492
948	4	-0.705316	-3.091558
949	4	-0.227930	-3.012844
950	4	-0.358949	-2.815979
951	4	-0.341042	-2.954947
952	4	-1.124387	-2.972521
953	4	-0.863857	-2.894362
954	4	-0.581127	-2.820795
955	4	-0.229132	-2.828918
956	4	-0.192996	-3.043143
957	4	-1.039421	-3.007928
958	4	-0.343551	-3.036323
959	4	-0.545571	-3.020099
960	4	-0.784670	-2.954872
961	4	-1.042132	-3.047994
962	4	-0.334277	-3.116553
963	4	-0.474581	-3.023894
964	4	-0.946418	-2.855017
965	4	-0.462286	-2.814713
966	4	-0.939444	-3.040323
967	4	-0.813064	-2.917303
968	4	-0.792662	-3.012913
969	4	-0.733660	-3.012153
970	4	-1.276369	-3.067427
971	4	-0.498371	-3.157843
972	4	-0.095592	-2.819792
973	4	-1.306479	-2.919888
974	4	-0.467964	-3.179226
975	4	-0.230552	-3.034742
976	4	-1.323873	-2.844568
977	4	-0.590789	-2.989351
978	4	-0.640545	-2.980749
979	4	-0.437486	-2.915077
980	4	-0.133277	-2.900949
981	4	-0.850901	-2.937242
982	4	-0.880349	-2.958478
983	4	-1.454759	-2.852506
984	4	-0.979037	-2.829053
985	4	-0.340706	-2.977164
986	4	-0.771216	-3.020812
987	4	-0.903910	-2.998785
988	4	-1.280745	-2.965028
989	4	-0.402303	-3.067764
990	4	-0.846672	-2.935782
991	4	-0.030425	-3.128944
992	4	-0.042128	-2.777393
993	4	-1.314124	-3.248342
994	4	-0.879600	-2.982717
995	4	-0.132056	-3.005890
996	4	-0.895424	-2.945255
997	4	-0.965078	-3.041047
998	4	-0.256551	-2.759759
999	4	-0.784874	-3.014422
1000	4	-1.059194	-2.997660
1001	5	-1.004780	-0.704570
1002	5	0.645299	-2.437965
1003	5	-0.119044	-0.786919
1004	5	0.415411	-0.025039
1005	5	-0.132260	-3.353462
1006	5	1.342191	-1.584518
1007	5	1.150223	1.253874
1008	5	0.832522	-1.774021
1009	5	-1.353383	-2.423668
1010	5	0.417571	-0.542331
1011	5	-1.056411	-1.723001
1012	5	-0.228176	0.483745
1013	5	-1.377274	0.082049
1014	5	-0.338761	-0.200242
1015	5	0.588200	-2.425216
1016	5	0.715252	-0.640796
1017	5	-0.516557	-0.618777
1018	5	-0.403286	-3.083459
1019	5	-1.401170	-0.372166
1020	5	1.223104	-0.699387
1021	5	-0.881546	-2.058397
1022	5	1.199127	-1.208649
1023	5	-1.020548	1.047973
1024	5	0.608103	-0.215903
1025	5	0.350655	-2.277229
1026	5	1.166093	-0.908876
1027	5	0.634136	0.746845
1028	5	1.090422	-0.967548
1029	5	-1.195652	-1.511433
1030	5	-0.020780	0.164805
1031	5	1.042007	-1.465277
1032	5	-0.077278	-1.230630
1033	5	0.538834	-0.144191
1034	5	-1.122772	0.779144
1035	5	0.277427	-1.825343
1036	5	-0.601071	-1.228880
1037	5	0.312841	-1.069037
1038	5	1.339771	-0.105869
1039	5	0.501846	0.540406
1040	5	0.743662	0.691106
1041	5	1.004336	-1.227217
1042	5	-0.907012	-0.068789
1043	5	-0.604994	-1.873603
1044	5	-1.176208	-1.537821
1045	5	0.054758	-2.196944
1046	5	1.411261	-2.100416
1047	5	1.492208	-0.408780
1048	5	-0.582402	-0.266287
1049	5	-1.085107	-0.782722
1050	5	-0.132563	-1.762214
1051	6	1.112412	-2.727044
1052	6	1.069777	-2.597345
1053	6	1.018091	-2.437881
1054	6	0.983040	-2.433744
1055	6	0.976547	-2.565099
1056	6	0.864507	-2.520874
1057	6	1.062996	-2.320309
1058	6	1.044727	-2.609878
1059	6	0.895596	-2.322226
1060	6	0.981271	-2.468306
1061	6	1.128729	-2.395042
1062	6	1.127409	-2.552628
1063	6	0.877884	-2.612021
1064	6	1.080202	-2.460174
1065	6	1.012683	-2.457869
1066	6	1.038851	-2.542515
1067	6	0.912780	-2.587699
1068	6	0.979291	-2.370000
1069	6	0.794159	-2.633679
1070	6	0.926088	-2.357076
1071	6	0.969338	-2.559469
1072	6	1.130342	-2.688269
1073	6	0.894134	-2.281969
1074	6	1.030172	-2.462122
1075	6	1.008997	-2.606931
1076	6	0.863661	-2.537514
1077	6	1.028252	-2.579480
1078	6	1.158070	-2.468488
1079	6	1.094004	-2.486606
1080	6	1.113143	-2.624055
1081	6	0.978630	-2.474352
1082	6	1.095784	-2.567407
1083	6	0.762919	-2.436677
1084	6	0.874674	-2.439764
1085	6	0.982515	-2.503403
1086	6	1.010851	-2.578971
1087	6	1.051692	-2.547044
1088	6	1.072163	-2.601282
1089	6	0.954006	-2.416645
1090	6	0.951839	-2.364598
1091	6	0.965072	-2.494993
1092	6	0.943823	-2.466312
1093	6	0.987530	-2.520900
1094	6	1.087755	-2.478154
1095	6	1.046335	-2.312652
1096	6	0.956063	-2.473828
1097	6	0.930758	-2.366531
1098	6	0.989555	-2.475225
1099	6	0.979200	-2.637578
1100	6	1.121931	-2.619054
