0.78	0.45	0.26	-0.22	-0.38	-0.32	-0.55	-0.24	0.63	0.9	-0.01	-0.24	-1.5	-0.4	-0.52	0.24
-0.378	0.86	1.14	-0.11	-0.32	-0.26	-0.84	-1.11	-0.24	1.23	0.54	0.02	0.048	-0.66	-0.47	-0.41
-0.53	-0.82	0.63	1.24	0.96	0.89	0.2	-0.38	-0.92	-0.52	-0.29	0.38	0.25	-0.03	-0.163	0.0
-0.41	0.11	0.38	0.49	0.62	0.93	0.58	0.28	-0.4	-0.55	0.05	0.03	-0.04	-0.036	-0.64	-0.95
-1.59	-1.29	-1.54	-0.75	-0.24	0.5	1.08	1.22	0.89	-0.24	-0.36	0.32	0.33	0.556	0.94	0.86




1.0	1.85	2.08	3.98	3.39	1.29	2.27	2.73	2.16	1.2	0.97	0.9
1.0	1.06	1.23	2.36	2.41	3.27	3.75	2.4	1.65	1.61	2.09	1.85
1.0	1.21	1.16	1.32	1.46	2.4	3.43	4.29	3.97	4.93	3.55	2.96
1.0	0.87	0.56	0.7	1.38	1.55	1.78	1.94	2.95	2.68	2.58	2.67
1.0	1.09	1.13	1.49	1.6	3.28	4.3	4.01	2.47	2.36	1.99	1.76
1.0	0.73	3.08	3.55	1.02	1.26	1.19	0.95	1.17	0.76	0.93	0.78
1.0	1.42	1.59	1.17	1.35	1.72	1.26	1.03	1.02	2.1	4.5	7.48
1.0	1.29	1.3	1.6	1.52	1.38	1.35	1.6	0.82	0.59	0.47	0.37
1.0	0.78	1.34	1.42	0.81	0.7	0.55	0.5	0.48	0.86	0.88	1.07
1.0	0.74	0.95	0.89	0.73	0.36	0.2	0.22	0.19	0.23	0.16	0.19




1
85
217
284
359


2
105
263
311
346
364
399
416
489
507